26.941219397954; 15.720649730592; 5.9692936284201
23.470296178545; 17.513066076097; 9.8705836704799
27.715003490448; 17.213286303339; 4.2392581701279
23.840914453779; 15.031074285507; 8.2372622830527
26.479426452092; 17.913627397446; 11.089745589665
22.059849330357; 17.64815892492; 10.310455730983
23.821898869106; 16.416149948324; -2.2462527666773
23.852123532976; 20.024478265217; 12.034158195768
23.198422363826; 18.645652759643; 12.664043903351
23.346153327397; 19.105479263124; 14.779535361699
22.953564780099; 19.395867359071; 13.348713091442
23.76982484545; 21.282178333827; 18.669831752777
23.439919948578; 18.775628180731; 12.967153106417
23.634648323059; 19.106060096196; 15.050043378557
24.880266189575; 20.51536491939; 17.851780142103
21.503286702292; 18.289967434747; 12.084372554507
22.167646884918; 18.542139189584; 11.89426609448
24.200681277684; 18.646567435492; 11.892148426601
24.176527772631; 19.164001941681; 13.945431368692
23.600736686162; 18.758389609201; 11.867586203984
23.357684271676; 18.954176846005; 13.226632561002
22.478287560599; 19.347833111173; 15.789438996996
21.516859531403; 18.896181015741; 13.162386417389
21.608970846449; 19.700984614236; 17.763565267835
22.684970923832; 19.652243568784; 18.183621338436
29.516836575099; 17.081270175321; 3.5404967410224
35.350840432303; 24.931003706796; 20.878994464874
32.152414321899; 24.096932751792; 19.6999839374
31.331852504185; 23.491460766111; 9.7125632422311
28.737425804138; 20.802049977439; 12.977811268398
31.269090516227; 19.033084067383; 0.14651739703757
27.463115964617; 23.135408418519; 14.139785936901
30.094834736415; 24.55846786499; 19.010674953461
33.346353258405; 23.521083252771; 13.956250463213
27.770893914359; 23.384890045438; 17.029365471431
28.583066804068; 24.329211200987; 19.548397404807
38.482008661543; 24.757524728775; 18.896119935172
28.818757193429; 22.756740025112; 13.030984572002
28.765317371913; 23.745340790067; 18.00274678639
27.034454686301; 22.972359827587; 17.65228339604
28.437091623034; 20.197355747223; 9.6271480832781
31.641343661717; 24.925460645131; 17.483912195478
26.75096818379; 22.970191751208; 20.477117810931
28.084906509944; 24.412586518696; 21.206634385245
29.647953169686; 21.4441714968; 9.3663828713553
29.080183165414; 23.127711670739; 13.028315135411
27.570741517203; 23.494042158127; 17.557093075344
32.95076915196; 24.388120855604; 17.643449987684
30.844449996948; 24.265285049166; 17.587537424905
33.003463063921; 23.421989849636; 13.893113817487
31.552839279175; 22.979328632355; 14.403007711683
30.95235824585; 23.401255267007; 16.15013395037
31.061949048723; 23.994750806264; 17.631879874638
26.761605058398; 21.27457175936; 13.087117671967
36.083241871425; 23.974897691182; 12.710343088423
30.937658037458; 21.354504568236; 8.3513770784651
29.753051485334; 22.622809495245; 13.281276396343
33.49734374455; 25.427240133286; 11.064864907946
28.020358085632; 24.582575048719; 17.75871515274
24.823013373784; 21.379310233252; 12.374777453286
28.337843077523; 22.803385768618; 13.108822277614
27.170104639871; 22.588846853801; 16.375918047769
26.23222725732; 21.187162697315; 6.1849879367011
31.079908779689; 23.580234902246; 13.990763255528
25.616913182395; 21.658489022936; 7.1637255804879
31.23630455562; 23.371673737253; 14.05046752521
27.463126182556; 23.307736430849; 19.027028764997
32.949720110212; 23.491962381772; 13.25324007443
31.087476866586; 24.769147804805; 17.767133031573
31.384754180908; 22.529449037143; 13.03208725793
27.332198619843; 22.103832874979; 14.042231866292
38.05193901062; 24.797738960811; 18.402416365487
33.632418087551; 24.047365358898; 16.185467583793
30.878979819162; 23.601676395961; 17.026846749442
27.050054073334; 21.096169011933; 8.7316930294037
28.781352724348; 23.30662216459; 17.803660460881
28.660116876875; 20.843505178179; 13.26054590089
29.322964804513; 23.309936012541; 14.970764092037
27.427952630179; 22.620097909655; 15.192350319454
30.094112668719; 22.017683471952; 13.207171644483
28.856355803353; 22.833963121687; 11.404131140028
33.077274050031; 23.501468556268; 18.5309614454
31.230953761509; 24.98902286802; 20.24986403329
32.916937555586; 22.209055934634; 9.0102740696498
29.390185219901; 24.912546021598; 21.936745303018
27.795118944986; 22.514964001519; 16.049516201019
28.055918216705; 20.313249911581; 11.390535320554
29.79234286717; 21.524203760283; 7.910863842283
29.276262010847; 24.120348181043; 12.723994255066
31.196113995143; 23.660721949169; 14.752394812448
33.188843727112; 24.753901106971; 11.826707635607
37.914787020002; 22.907673546246; 13.28210404941
31.049615996225; 20.899559089116; 8.9084684848785
37.597356523786; 25.293987137931; 17.411615167345
27.440246513912; 21.107373663357; 13.016616446631
31.042769977025; 23.091743503298; 12.788036891392
28.818246296474; 20.93843630382; 6.7262317453112
27.283275127411; 20.778012105397; 10.187600340162
33.073793138777; 24.490337882723; 13.037974493844
29.72241129194; 21.758531161717; 15.301890032632
26.863515377045; 23.4273651668; 17.907113688333
31.145814486912; 23.871064526694; 17.346540519169
29.656553268433; 25.956922088351; 21.495662416731
30.858189719064; 22.64269394534; 12.811637776239
33.065894671849; 21.865992546082; 13.30611535481
39.761945179531; 24.586697135653; 13.512912818364
30.24355002812; 19.438515050071; 12.995628799711
33.439874649048; 24.011505416461; 13.016245194844
37.115240097046; 24.703916311264; 16.24755348478
29.207263674055; 23.466675962721; 17.236941201346
29.052533422198; 23.981601510729; 19.630581992013
30.409782273429; 22.591855100223; 12.673932313919
29.34991972787; 23.371273023742; 9.0643789087023
31.085089274815; 22.506343126297; 8.3672165870667
26.654544898442; 22.636919362204; 14.23647403717
40.538399560111; 22.974685089929; 13.161938531058
32.306238583156; 21.967689224652; 8.5559632096972
30.96569946834; 23.905936649867; 13.068890571594
28.322301592146; 20.311858739172; 13.251240764345
34.29468699864; 22.111238752093; 8.9989645140512
27.395514079503; 24.34015750885; 20.332513536726
33.119239125933; 24.283262661525; 17.162137372153
40.959760120937; 21.287916898727; 8.8407226971218
37.817617825099; 25.801042658942; 20.483779907227
29.221361024039; 24.79115145547; 16.078472137451
29.025956562587; 23.643585017749; 13.076614482062
29.630943707057; 21.741355742727; 11.73386999539
28.652480670384; 21.020857947213; 10.757795401982
31.615161895752; 24.569311823164; 17.497360706329
26.875473771776; 21.697873388018; 13.222478117262
38.35050378527; 25.551075594766; 18.418795721872
30.072365488325; 23.423450248582; 13.010455029351
30.025267601013; 21.333167467799; 11.24729173524
30.382919311523; 22.694559693336; 13.804017645972
28.061013562339; 20.939937915121; 8.685029404504
30.951302392142; 24.010955435889; 18.432802813394
31.249625342233; 22.34848516328; 12.942796094077
38.181342397417; 26.36470752103; 11.607296977724
27.733445167542; 22.009106108121; 13.096885170255
30.502850668771; 24.417975289481; 20.008214882442
38.433848108564; 22.593970383917; 13.122380631311
31.276985577175; 24.317016431264; 14.621671608516
34.329128265381; 23.984896285193; 14.660467420306
24.907665593284; 20.303650924138; 13.54210632188
29.337998798915; 25.098346301488; 17.662731238774
28.59331539699; 22.689315165792; 13.007570164544
34.184844153268; 24.507508107594; 14.324157578605
29.857683181763; 20.853987847056; 8.4638655185699
29.519936016628; 25.428686993463; 21.358784607479
27.10257087435; 23.02813734327; 18.078916413443
37.496631486075; 25.727648905345; 19.75828068597
31.768621717181; 25.835568734578; 17.702581201281
30.251206670489; 24.748650789261; 15.924525260925
33.051262583051; 24.255920137678; 16.571087496621
32.170956475394; 24.418549197061; 20.033955574036
30.124269212995; 24.094769358635; 13.271049942289
28.45995596477; 21.779004165104; 14.843681880406
30.275464057922; 24.866880689348; 19.429663249425
36.431128638131; 25.870127848216; 17.806073597499
29.806957926069; 20.389148890972; 5.4683732134955
28.824438367571; 21.479407378605; 10.835686751774
31.662378992353; 23.496987308775; 10.484976427896
31.046421187265; 24.446912152427; 20.189722946712
28.035189424242; 22.459341032164; 14.046635798046
29.885125160217; 21.633411134992; 13.262962443488
31.802453313555; 26.415281806673; 21.506513868059
28.536101749965; 21.642466442926; 6.77592924663
27.860866274152; 23.8743523189; 18.589769090925
29.925768715995; 22.276463849204; 12.983088833945
33.074740001134; 25.145496811186; 19.172201837812
27.084275654384; 21.431659545217; 12.565141916275
29.770731925964; 22.206712620599; 12.871970449175
30.700959478106; 25.047435590199; 13.067092214312
27.955826691219; 20.397077628544; 13.221555948257
29.019624846322; 22.112122603825; 11.145493813923
29.651004927499; 24.31340949876; 17.218686853136
33.82237979344; 26.646676744734; 21.378891808646
30.764082499913; 24.048323971885; 19.056066444942
33.083132335118; 21.329450777599; 12.949791976384
29.518052509853; 23.815536839621; 17.149601663862
33.138373919896; 21.893841198512; 9.6184517656054
28.773379325867; 21.325978721891; 13.734717028482
30.839429582868; 25.099323817662; 21.869039535522
34.658006259373; 24.295416218894; 18.948021956853
32.991170883179; 24.988499879837; 14.002854483468
33.1271478108; 25.979338032859; 20.321176733289
33.000612258911; 25.590926579067; 19.204037530082
24.418270587921; 19.102744885853; 4.9202084541321
32.242836271014; 24.080646378653; 12.590912410191
27.106426443372; 21.897578580039; 14.640402793884
27.400519166674; 20.626242586545; 8.7524064949581
26.688650676182; 21.121000562395; 13.035811696734
32.902312278748; 24.329854079655; 10.828413282122
32.111900193351; 21.435261453901; 13.074669667653
31.092762947083; 25.446706158774; 20.381275245122
28.761213166373; 20.357288888523; 9.9768357617514
25.984350272587; 19.632602844919; 13.210647446769
25.237534727369; 21.360522934369; 11.084250892912
27.605441638402; 19.32974334274; 6.2297246285847
28.832292556763; 23.31713957446; 14.002865552902
26.557561329433; 20.379874621119; 7.3828603540148
37.154238564628; 25.473467367036; 13.218989542552
29.59258215768; 24.804891858782; 18.843756403242
29.234872545515; 21.81340106896; 4.4129363128117
29.560508046831; 22.993048940386; 16.479752744947
31.055893216814; 20.076615980693; 10.829940864018
32.177237101964; 24.892206362316; 15.530295031411
28.437268733978; 24.54475079264; 20.60044663293
33.285505431039; 22.05904347556; 12.25061586925
28.041858332498; 23.408098731722; 20.155840260642
33.069092886789; 24.156518663679; 18.959059034075
31.205119405474; 23.64119376455; 18.659930569785
28.218671253749; 21.41085769449; 13.765470470701
28.001737594604; 22.357901930809; 13.895006690707
30.874010494777; 21.783599768366; 10.683470964432
38.137875284467; 23.641390970775; 13.051652908325
29.747138704572; 22.204344698361; 13.125328506742
34.803342819214; 24.593625409263; 17.716819899423
28.746264321463; 21.27184178148; 11.271760293416
33.008112226214; 23.473663415228; 13.310453721455
26.928085940225; 22.312734041895; 13.133387054716
35.475989750453; 23.030403852463; 12.495311668941
35.244863373893; 24.154212219375; 13.049666370664
29.474074499948; 22.337018762316; 17.232046808515
30.365034512111; 24.624977622713; 16.912005628858
24.477452891214; 20.844608460154; 11.892617600305
Best Spider parameters;step; 0.0091282074659825;vstep; 0.012014982773655;rearExtent; 0.021614514782969;